1000 800
v 15 250 0.03 0.45
v 15 100 0.13 0.354
v 15 150 0.09 0.512
h 15 100 0.075 0.3
h 15 100 0.088 0.42
v 15 250 0.17 0.45
v 15 250 0.27 0.45
h 15 100 0.22 0.3
h 15 100 0.22 0.6
v 15 250 0.31 0.45
v 15 250 0.36 0.45
v 15 250 0.41 0.45
h 15 60 0.335 0.3
h 15 60 0.387 0.6
v 15 250 0.45 0.45
v 15 250 0.54 0.45
h 15 100 0.495 0.3
h 15 100 0.495 0.45
v 15 250 0.59 0.45
h 15 100 0.635 0.6
v 30 250 0.72 0.45
v 15 250 0.82 0.45
h 15 100 0.77 0.3
h 15 100 0.77 0.6
v 15 250 0.87 0.45
v 15 250 0.97 0.45
h 15 100 0.92 0.3
h 15 100 0.92 0.6